6126199
6126189
6126175
6126149
6126148
6126130
6126079
6126044
6126043
6126036
6126034
6126019
6126001
6125986
6125929
6125875
6125821
6125784
6125779
6125757
6125755
6125739
6125718
6125717
6125691
6125674
6125650
6125636
6125606
6125589
6125570
6125550
6125497
6125402
6125399
6125357
6125348
6125333
6125309
6125273
6125266
6125251
6125188
6125187
6125154
6125150
6125114
6125095
6125049
6125031
6125024
6125018
6124962
6124957
6124941
6124923
6124906
6124903
6124901
6124883
6124875
6124853
6124820
6124817
6124793
6124783
6124720
6124647
6124630
6124622
6124616
6124615
6124611
6124589
6124560
6124496
6124478
6124423
6124344
6124342
6124244
6124230
6124152
6124136
6124127
6124096
6124090
6124033
6124026
6124024
6124007
6123994
6123981
6123972
6123950
6123940
6123930
6123914
6123895
6123893
6123842
6123832
6123827
6123797
6123792
6123790
6123789
6123781
6123770
6123755
6123751
6123711
6123709
6123696
6123688
6123677
6123665
6123662
6123656
6123654
6123653
6123649
6123648
6123607
6123604
6123588
6123572
6123567
6123566
6123548
6123492
6123478
6123464
6123463
6123433
6123428
6123422
6123415
6123402
6123391
6123384
6123374
6123364
6123345
6123335
6123331
6123329
6123287
6123209
6123198
6123178
6123138
6123133
6123127
6123075
6123065
6123039
6123031
6123021
6123017
6123005
6122970
6122941
6122914
6122898
6122889
6122859
6122857
6122828
6122816
6122813
6122811
6122780
6122758
6122734
6122693
6122666
6122662
6122488
6122437
6122414
6122381
6122326
6122304
6122260
6122206
6122179
6122177
6122173
6122161
6122151
6122149
6122142
6122102
6122079
6122042
6122010
6121997
6121995
6121991
6121989
6121982
6121967
6121955
6121945
6121929
6121898
6121892
6121884
6121864
6121855
6121854
6121847
6121844
6121841
6121812
6121805
6121799
6121777
6121718
6121668
6121616
6121602
6121579
6121577
6121507
6121491
6121486
6121465
6121443
6121403
6121394
6121393
6121367
6121322
6121280
6121272
6121259
6121258
6121249
6121234
6121233
6121210
6121200
6121171
6121156
6121152
6121151
6121131
6121101
6121077
6121055
6121040
6121037
6121035
6120984
6120976
6120972
6120968
6120943
6120919
6120836
6120823
6120804
6120783
6120747
6120732
6120717
6120710
6120701
6120694
6120691
6120685
6120675
6120671
6120667
6120659
6120632
6120621
6120583
6120579
6120549
6120511
6120463
6120445
6120436
6120420
6120408
6120384
6120331
6120329
6120326
6120283
6120271
6120259
6120205
6120186
6120176
6120170
6120159
6120137
6120112
6120110
6120105
6120080
6120067
6120007
6119968
6119952
6119914
6119905
6119899
6119890
6119839
6119802
6119797
6119779
6119769
6119707
6119691
6119683
6119631
6119629
6119609
6119594
6119590
6119586
6119572
6119551
6119491
6119486
6119484
6119480
6119464
6119461
6119460
6119458
6119454
6119443
6119354
6119341
6119337
6119329
6119327
6119312
6119304
6119296
6119270
6119252
6119246
6119243
6119215
6119199
6119183
6119165
6119152
6119148
6119125
6119089
6119064
6119016
6118981
6118968
6118949
6118946
6118926
6118920
6118888
6118828
6118819
6118812
6118809
6118791
6118787
6118772
6118755
6118753
6118752
6118725
6118703
6118691
6118689
6118671
6118667
6118657
6118633
6118619
6118618
6118573
6118566
6118500
6118496
6118495
6118461
6118459
6118366
6118363
6118352
6118343
6118340
6118332
6118330
6118313
6118278
6118244
6118240
6118235
6118220
6118217
6118198
6118189
6118185
6118182
6118180
6118155
6118137
6118136
6118133
6118127
6118115
6118111
6118100
6118083
6118079
6118058
6118014
6118007
6117996
6117995
6117990
6117987
6117976
6117974
6117967
6117951
6117941
6117898
6117874
6117838
6117757
6117751
6117711
6117707
6117706
6117638
6117577
6117574
6117566
6117504
6117502
6117474
6117440
6117428
6117411
6117395
6117384
6117322
6117318
6117313
6117305
6117302
6117297
6117243
6117242
6117237
6117212
6117209
6117198
6117195
6117188
6117148
6117080
6117075
6117072
6117017
6117016
6117008
6117007
6116987
6116972
6116968
6116961
6116956
6116955
6116947
6116944
6116943
6116940
6116936
6116926
6116916
6116887
6116865
6116846
6116829
6116820
6116816
6116806
6116801
6116798
6116794
6116793
6116791
6116785
6116769
6116766
6116765
6116752
6116751
6116737
6116732
6116723
6116720
6116713
6116695
6116587
6116576
6116553
6116537
6116492
6116470
6116427
6116405
6116353
6116306
6116297
6116227
6116199
6116163
6116118
6116054
6116044
6116002
6115996
6115984
6115947
6115935
6115842
6115840
6115796
6115786
6115771
6115754
6115711
6115699
6115698
6115696
6115676
6115664
6115634
6115632
6115608
6115591
6115577
6115574
6115571
6115542
6115467
6115466
6115462
6115444
6115415
6115409
6115370
6115335
6115334
6115298
6115253
6115203
6115186
6115167
6115107
6115090
6115056
6115046
6115013
6115004
6114989
6114988
6114970
6114825
6114817
6114775
6114770
6114735
6114712
6114702
6114695
6114677
6114652
6114648
6114642
6114638
6114623
6114612
6114605
6114598
6114488
6114476
6114475
6114473
6114454
6114447
6114425
6114397
6114387
6114376
6114372
6114336
6114315
6114300
6114296
6114292
6114282
6114279
6114274
6114265
6114264
6114258
6114251
6114227
6114222
6114219
6114187
6114182
6114170
6114154
6114152
6114149
6114138
6114135
6114123
6114118
6114115
6114103
6114099
6114073
6114068
6114060
6114018
6114017
6114012
6114010
6114002
6113996
6113985
6113982
6113980
6113960
6113959
6113945
6113937
6113871
6113848
6113842
6113840
6113812
6113801
6113773
6113744
6113740
6113739
6113729
6113709
6113660
6113621
6113617
6113616
6113615
6113603
6113601
6113587
6113572
6113550
6113547
6113528
6113514
6113504
6113470
6113429
6113408
6113394
6113387
6113353
6113343
6113342
6113331
6113330
6113329
6113298
6113292
6113290
6113283
6113274
6113260
6113259
6113255
6113245
6113237
6113232
6113222
6113218
6113188
6113173
6113155
6113134
6113133
6113132
6113130
6113125
6113123
6113105
6113102
6113098
6113089
6113083
6113078
6113064
6113061
6113056
6113052
6113040
6113034
6113024
6113022
6113018
6113017
6112998
6112955
6112933
6112931
6112914
6112912
6112896
6112894
6112886
6112872
6112824
6112809
6112808
6112804
6112778
6112772
6112721
6112695
6112675
6112653
6112651
6112649
6112587
6112559
6112493
6112444
6112389
6112381
6112331
6112261
6112165
6112102
6111992
6111769
6111286
6111186
6111082
6110977
6110761
6110719
6110689
6110621
6110611
6110579
6110535
6110513
6110466
6110430
6110384
6110239
6109813
6109789
6109669
6109655
6109648
6109571
6109374
6109335
6109149
6109140
6109108
6109100
6108916
6108882
6108809
6108659
6108192
6108042
6107868
6107827
6107552
6107536
6107491
6107269
6107251
6106472
6106375
6106231
6106215
6106193
6106138
6106134
6106101
6106065
6105937
6105906
6105823
6105818
6105785
6105732
6105714
6105418
6105307
6104977
6104952
6104741
6104626
6104601
6104510
6104385
6104296
6104230
6104223
6104211
6104102
6103926
6103136
6103131
6103094
6103070
6103062
6103058
6103049
6103047
6103031
6103024
6103019
6103011
6103007
6102995
6102987
6102985
6102981
6102978
6102943
6102920
6102919
6102917
6102914
6102905
6102874
6102853
6102828
6102821
6102814
6102811
6102733
6102732
6102721
6102718
6102713
6102711
6102709
6102697
6102692
6102680
6102674
6102671
6102662
6102656
6102636
6102604
6102595
6102576
6102559
6102549
6102542
6102539
6102534
6102516
6102513
6102503
6102490
6102486
6102480
6102406
6102374
6102357
6102356
6102344
6102342
6102291
6102288
6102281
6102280
6102276
6102265
6102251
6102249
6102244
6102228
6102205
6102126
6102094
6102087
6102076
6102054
6102040
6102021
6102015
6102009
6101993
6101950
6101929
6101927
6101915
6101907
6101880
6101874
6101869
6101848
6101840
6101837
6101827
6101808
6101779
6101746
6101736
6101732
6101727
6101724
6101722
6101701
6101700
6101698
6101697
6101694
6101682
6101665
6101635
6101632
6101621
6101618
6101589
6101582
6101581
6101580
6101577
6101573
6101569
6101568
6101562
6101559
6101543
6101511
6101508
6101507
6101500
6101490
6101424
6101412
6101410
6101382
6101377
6101373
6101362
6101353
6101336
6101334
6101333
6101331
6101315
6101312
6101310
6101295
6101287
6101246
6101243
6101241
6101223
6101216
6101187
6101176
6101170
6101168
6101147
6101138
6101121
6101092
6101050
6101040
6101039
6101026
6100995
6100954
6100936
6100913
6100908
6100902
6100887
6100881
6100879
6100863
6100857
6100849
6100846
6100837
6100805
6100795
6100791
6100789
6100766
6100754
6100750
6100735
6100720
6100716
6100704
6100699
6100677
6100663
6100639
6100637
6100520
6100501
6100488
6100482
6100466
6100462
6100458
6100457
6100452
6100442
6100438
6100427
6100422
6100382
6100375
6100367
6100359
6100355
6100349
6100332
6100331
6100329
6100325
6100323
6100318
6100315
6100313
6100311
6100298
6100282
6100274
6100271
6100270
6100269
6100255
6100237
6100233
6100230
6100206
6100191
6100180
6100176
6100175
6100160
6100155
6100145
6100140
6100130
6100129
6100120
6100111
6100107
6100104
6100096
6100081
6100066
6100053
6100051
6100039
6100034
6100021
6099990
6099985
6099980
6099964
6099946
6099876
6099868
6099858
6099844
6099814
6099808
6099789
6099777
6099776
6099772
6099757
6099756
6099752
6099706
6099687
6099678
6099653
6099645
6099635
6099634
6099620
6099619
6099590
6099510
6099502
6099499
6099497
6099495
6099480
6099470
6099458
6099448
6099417
6099405
6099353
6099347
6099343
6099331
6099326
6099313
6099312
6099285
6099277
6099274
6099263
6099258
6099251
6099231
6099228
6099227
6099213
6099210
6099203
6099170
6099159
6099151
6099149
6099148
6099146
6099117
6099114
6099100
6099089
6099084
6099068
6099059
6099042
6099023
6099021
6098990
6098974
6098948
6098915
6098869
6098848
6098830
6098828
6098826
6098804
6098774
6098771
6098769
6098763
6098754
6098739
6098732
